src_ip,eth_dhost_0,eth_dhost_1,eth_dhost_2,eth_dhost_3,eth_dhost_4,eth_dhost_5,eth_dhost_6,eth_dhost_7,eth_dhost_8,eth_dhost_9,eth_dhost_10,eth_dhost_11,eth_dhost_12,eth_dhost_13,eth_dhost_14,eth_dhost_15,eth_dhost_16,eth_dhost_17,eth_dhost_18,eth_dhost_19,eth_dhost_20,eth_dhost_21,eth_dhost_22,eth_dhost_23,eth_dhost_24,eth_dhost_25,eth_dhost_26,eth_dhost_27,eth_dhost_28,eth_dhost_29,eth_dhost_30,eth_dhost_31,eth_dhost_32,eth_dhost_33,eth_dhost_34,eth_dhost_35,eth_dhost_36,eth_dhost_37,eth_dhost_38,eth_dhost_39,eth_dhost_40,eth_dhost_41,eth_dhost_42,eth_dhost_43,eth_dhost_44,eth_dhost_45,eth_dhost_46,eth_dhost_47,eth_shost_0,eth_shost_1,eth_shost_2,eth_shost_3,eth_shost_4,eth_shost_5,eth_shost_6,eth_shost_7,eth_shost_8,eth_shost_9,eth_shost_10,eth_shost_11,eth_shost_12,eth_shost_13,eth_shost_14,eth_shost_15,eth_shost_16,eth_shost_17,eth_shost_18,eth_shost_19,eth_shost_20,eth_shost_21,eth_shost_22,eth_shost_23,eth_shost_24,eth_shost_25,eth_shost_26,eth_shost_27,eth_shost_28,eth_shost_29,eth_shost_30,eth_shost_31,eth_shost_32,eth_shost_33,eth_shost_34,eth_shost_35,eth_shost_36,eth_shost_37,eth_shost_38,eth_shost_39,eth_shost_40,eth_shost_41,eth_shost_42,eth_shost_43,eth_shost_44,eth_shost_45,eth_shost_46,eth_shost_47,eth_ethertype_0,eth_ethertype_1,eth_ethertype_2,eth_ethertype_3,eth_ethertype_4,eth_ethertype_5,eth_ethertype_6,eth_ethertype_7,eth_ethertype_8,eth_ethertype_9,eth_ethertype_10,eth_ethertype_11,eth_ethertype_12,eth_ethertype_13,eth_ethertype_14,eth_ethertype_15,ipv4_ver_0,ipv4_ver_1,ipv4_ver_2,ipv4_ver_3,ipv4_hl_0,ipv4_hl_1,ipv4_hl_2,ipv4_hl_3,ipv4_tos_0,ipv4_tos_1,ipv4_tos_2,ipv4_tos_3,ipv4_tos_4,ipv4_tos_5,ipv4_tos_6,ipv4_tos_7,ipv4_tl_0,ipv4_tl_1,ipv4_tl_2,ipv4_tl_3,ipv4_tl_4,ipv4_tl_5,ipv4_tl_6,ipv4_tl_7,ipv4_tl_8,ipv4_tl_9,ipv4_tl_10,ipv4_tl_11,ipv4_tl_12,ipv4_tl_13,ipv4_tl_14,ipv4_tl_15,ipv4_id_0,ipv4_id_1,ipv4_id_2,ipv4_id_3,ipv4_id_4,ipv4_id_5,ipv4_id_6,ipv4_id_7,ipv4_id_8,ipv4_id_9,ipv4_id_10,ipv4_id_11,ipv4_id_12,ipv4_id_13,ipv4_id_14,ipv4_id_15,ipv4_rbit_0,ipv4_dfbit_0,ipv4_mfbit_0,ipv4_foff_0,ipv4_foff_1,ipv4_foff_2,ipv4_foff_3,ipv4_foff_4,ipv4_foff_5,ipv4_foff_6,ipv4_foff_7,ipv4_foff_8,ipv4_foff_9,ipv4_foff_10,ipv4_foff_11,ipv4_foff_12,ipv4_ttl_0,ipv4_ttl_1,ipv4_ttl_2,ipv4_ttl_3,ipv4_ttl_4,ipv4_ttl_5,ipv4_ttl_6,ipv4_ttl_7,ipv4_proto_0,ipv4_proto_1,ipv4_proto_2,ipv4_proto_3,ipv4_proto_4,ipv4_proto_5,ipv4_proto_6,ipv4_proto_7,ipv4_cksum_0,ipv4_cksum_1,ipv4_cksum_2,ipv4_cksum_3,ipv4_cksum_4,ipv4_cksum_5,ipv4_cksum_6,ipv4_cksum_7,ipv4_cksum_8,ipv4_cksum_9,ipv4_cksum_10,ipv4_cksum_11,ipv4_cksum_12,ipv4_cksum_13,ipv4_cksum_14,ipv4_cksum_15,ipv4_src_0,ipv4_src_1,ipv4_src_2,ipv4_src_3,ipv4_src_4,ipv4_src_5,ipv4_src_6,ipv4_src_7,ipv4_src_8,ipv4_src_9,ipv4_src_10,ipv4_src_11,ipv4_src_12,ipv4_src_13,ipv4_src_14,ipv4_src_15,ipv4_src_16,ipv4_src_17,ipv4_src_18,ipv4_src_19,ipv4_src_20,ipv4_src_21,ipv4_src_22,ipv4_src_23,ipv4_src_24,ipv4_src_25,ipv4_src_26,ipv4_src_27,ipv4_src_28,ipv4_src_29,ipv4_src_30,ipv4_src_31,ipv4_dst_0,ipv4_dst_1,ipv4_dst_2,ipv4_dst_3,ipv4_dst_4,ipv4_dst_5,ipv4_dst_6,ipv4_dst_7,ipv4_dst_8,ipv4_dst_9,ipv4_dst_10,ipv4_dst_11,ipv4_dst_12,ipv4_dst_13,ipv4_dst_14,ipv4_dst_15,ipv4_dst_16,ipv4_dst_17,ipv4_dst_18,ipv4_dst_19,ipv4_dst_20,ipv4_dst_21,ipv4_dst_22,ipv4_dst_23,ipv4_dst_24,ipv4_dst_25,ipv4_dst_26,ipv4_dst_27,ipv4_dst_28,ipv4_dst_29,ipv4_dst_30,ipv4_dst_31,ipv4_opt_0,ipv4_opt_1,ipv4_opt_2,ipv4_opt_3,ipv4_opt_4,ipv4_opt_5,ipv4_opt_6,ipv4_opt_7,ipv4_opt_8,ipv4_opt_9,ipv4_opt_10,ipv4_opt_11,ipv4_opt_12,ipv4_opt_13,ipv4_opt_14,ipv4_opt_15,ipv4_opt_16,ipv4_opt_17,ipv4_opt_18,ipv4_opt_19,ipv4_opt_20,ipv4_opt_21,ipv4_opt_22,ipv4_opt_23,ipv4_opt_24,ipv4_opt_25,ipv4_opt_26,ipv4_opt_27,ipv4_opt_28,ipv4_opt_29,ipv4_opt_30,ipv4_opt_31,ipv4_opt_32,ipv4_opt_33,ipv4_opt_34,ipv4_opt_35,ipv4_opt_36,ipv4_opt_37,ipv4_opt_38,ipv4_opt_39,ipv4_opt_40,ipv4_opt_41,ipv4_opt_42,ipv4_opt_43,ipv4_opt_44,ipv4_opt_45,ipv4_opt_46,ipv4_opt_47,ipv4_opt_48,ipv4_opt_49,ipv4_opt_50,ipv4_opt_51,ipv4_opt_52,ipv4_opt_53,ipv4_opt_54,ipv4_opt_55,ipv4_opt_56,ipv4_opt_57,ipv4_opt_58,ipv4_opt_59,ipv4_opt_60,ipv4_opt_61,ipv4_opt_62,ipv4_opt_63,ipv4_opt_64,ipv4_opt_65,ipv4_opt_66,ipv4_opt_67,ipv4_opt_68,ipv4_opt_69,ipv4_opt_70,ipv4_opt_71,ipv4_opt_72,ipv4_opt_73,ipv4_opt_74,ipv4_opt_75,ipv4_opt_76,ipv4_opt_77,ipv4_opt_78,ipv4_opt_79,ipv4_opt_80,ipv4_opt_81,ipv4_opt_82,ipv4_opt_83,ipv4_opt_84,ipv4_opt_85,ipv4_opt_86,ipv4_opt_87,ipv4_opt_88,ipv4_opt_89,ipv4_opt_90,ipv4_opt_91,ipv4_opt_92,ipv4_opt_93,ipv4_opt_94,ipv4_opt_95,ipv4_opt_96,ipv4_opt_97,ipv4_opt_98,ipv4_opt_99,ipv4_opt_100,ipv4_opt_101,ipv4_opt_102,ipv4_opt_103,ipv4_opt_104,ipv4_opt_105,ipv4_opt_106,ipv4_opt_107,ipv4_opt_108,ipv4_opt_109,ipv4_opt_110,ipv4_opt_111,ipv4_opt_112,ipv4_opt_113,ipv4_opt_114,ipv4_opt_115,ipv4_opt_116,ipv4_opt_117,ipv4_opt_118,ipv4_opt_119,ipv4_opt_120,ipv4_opt_121,ipv4_opt_122,ipv4_opt_123,ipv4_opt_124,ipv4_opt_125,ipv4_opt_126,ipv4_opt_127,ipv4_opt_128,ipv4_opt_129,ipv4_opt_130,ipv4_opt_131,ipv4_opt_132,ipv4_opt_133,ipv4_opt_134,ipv4_opt_135,ipv4_opt_136,ipv4_opt_137,ipv4_opt_138,ipv4_opt_139,ipv4_opt_140,ipv4_opt_141,ipv4_opt_142,ipv4_opt_143,ipv4_opt_144,ipv4_opt_145,ipv4_opt_146,ipv4_opt_147,ipv4_opt_148,ipv4_opt_149,ipv4_opt_150,ipv4_opt_151,ipv4_opt_152,ipv4_opt_153,ipv4_opt_154,ipv4_opt_155,ipv4_opt_156,ipv4_opt_157,ipv4_opt_158,ipv4_opt_159,ipv4_opt_160,ipv4_opt_161,ipv4_opt_162,ipv4_opt_163,ipv4_opt_164,ipv4_opt_165,ipv4_opt_166,ipv4_opt_167,ipv4_opt_168,ipv4_opt_169,ipv4_opt_170,ipv4_opt_171,ipv4_opt_172,ipv4_opt_173,ipv4_opt_174,ipv4_opt_175,ipv4_opt_176,ipv4_opt_177,ipv4_opt_178,ipv4_opt_179,ipv4_opt_180,ipv4_opt_181,ipv4_opt_182,ipv4_opt_183,ipv4_opt_184,ipv4_opt_185,ipv4_opt_186,ipv4_opt_187,ipv4_opt_188,ipv4_opt_189,ipv4_opt_190,ipv4_opt_191,ipv4_opt_192,ipv4_opt_193,ipv4_opt_194,ipv4_opt_195,ipv4_opt_196,ipv4_opt_197,ipv4_opt_198,ipv4_opt_199,ipv4_opt_200,ipv4_opt_201,ipv4_opt_202,ipv4_opt_203,ipv4_opt_204,ipv4_opt_205,ipv4_opt_206,ipv4_opt_207,ipv4_opt_208,ipv4_opt_209,ipv4_opt_210,ipv4_opt_211,ipv4_opt_212,ipv4_opt_213,ipv4_opt_214,ipv4_opt_215,ipv4_opt_216,ipv4_opt_217,ipv4_opt_218,ipv4_opt_219,ipv4_opt_220,ipv4_opt_221,ipv4_opt_222,ipv4_opt_223,ipv4_opt_224,ipv4_opt_225,ipv4_opt_226,ipv4_opt_227,ipv4_opt_228,ipv4_opt_229,ipv4_opt_230,ipv4_opt_231,ipv4_opt_232,ipv4_opt_233,ipv4_opt_234,ipv4_opt_235,ipv4_opt_236,ipv4_opt_237,ipv4_opt_238,ipv4_opt_239,ipv4_opt_240,ipv4_opt_241,ipv4_opt_242,ipv4_opt_243,ipv4_opt_244,ipv4_opt_245,ipv4_opt_246,ipv4_opt_247,ipv4_opt_248,ipv4_opt_249,ipv4_opt_250,ipv4_opt_251,ipv4_opt_252,ipv4_opt_253,ipv4_opt_254,ipv4_opt_255,ipv4_opt_256,ipv4_opt_257,ipv4_opt_258,ipv4_opt_259,ipv4_opt_260,ipv4_opt_261,ipv4_opt_262,ipv4_opt_263,ipv4_opt_264,ipv4_opt_265,ipv4_opt_266,ipv4_opt_267,ipv4_opt_268,ipv4_opt_269,ipv4_opt_270,ipv4_opt_271,ipv4_opt_272,ipv4_opt_273,ipv4_opt_274,ipv4_opt_275,ipv4_opt_276,ipv4_opt_277,ipv4_opt_278,ipv4_opt_279,ipv4_opt_280,ipv4_opt_281,ipv4_opt_282,ipv4_opt_283,ipv4_opt_284,ipv4_opt_285,ipv4_opt_286,ipv4_opt_287,ipv4_opt_288,ipv4_opt_289,ipv4_opt_290,ipv4_opt_291,ipv4_opt_292,ipv4_opt_293,ipv4_opt_294,ipv4_opt_295,ipv4_opt_296,ipv4_opt_297,ipv4_opt_298,ipv4_opt_299,ipv4_opt_300,ipv4_opt_301,ipv4_opt_302,ipv4_opt_303,ipv4_opt_304,ipv4_opt_305,ipv4_opt_306,ipv4_opt_307,ipv4_opt_308,ipv4_opt_309,ipv4_opt_310,ipv4_opt_311,ipv4_opt_312,ipv4_opt_313,ipv4_opt_314,ipv4_opt_315,ipv4_opt_316,ipv4_opt_317,ipv4_opt_318,ipv4_opt_319,ipv6_ver_0,ipv6_ver_1,ipv6_ver_2,ipv6_ver_3,ipv6_tc_0,ipv6_tc_1,ipv6_tc_2,ipv6_tc_3,ipv6_tc_4,ipv6_tc_5,ipv6_tc_6,ipv6_tc_7,ipv6_fl_0,ipv6_fl_1,ipv6_fl_2,ipv6_fl_3,ipv6_fl_4,ipv6_fl_5,ipv6_fl_6,ipv6_fl_7,ipv6_fl_8,ipv6_fl_9,ipv6_fl_10,ipv6_fl_11,ipv6_fl_12,ipv6_fl_13,ipv6_fl_14,ipv6_fl_15,ipv6_fl_16,ipv6_fl_17,ipv6_fl_18,ipv6_fl_19,ipv6_len_0,ipv6_len_1,ipv6_len_2,ipv6_len_3,ipv6_len_4,ipv6_len_5,ipv6_len_6,ipv6_len_7,ipv6_len_8,ipv6_len_9,ipv6_len_10,ipv6_len_11,ipv6_len_12,ipv6_len_13,ipv6_len_14,ipv6_len_15,ipv6_nh_0,ipv6_nh_1,ipv6_nh_2,ipv6_nh_3,ipv6_nh_4,ipv6_nh_5,ipv6_nh_6,ipv6_nh_7,ipv6_hl_0,ipv6_hl_1,ipv6_hl_2,ipv6_hl_3,ipv6_hl_4,ipv6_hl_5,ipv6_hl_6,ipv6_hl_7,ipv6_src_0,ipv6_src_1,ipv6_src_2,ipv6_src_3,ipv6_src_4,ipv6_src_5,ipv6_src_6,ipv6_src_7,ipv6_src_8,ipv6_src_9,ipv6_src_10,ipv6_src_11,ipv6_src_12,ipv6_src_13,ipv6_src_14,ipv6_src_15,ipv6_src_16,ipv6_src_17,ipv6_src_18,ipv6_src_19,ipv6_src_20,ipv6_src_21,ipv6_src_22,ipv6_src_23,ipv6_src_24,ipv6_src_25,ipv6_src_26,ipv6_src_27,ipv6_src_28,ipv6_src_29,ipv6_src_30,ipv6_src_31,ipv6_src_32,ipv6_src_33,ipv6_src_34,ipv6_src_35,ipv6_src_36,ipv6_src_37,ipv6_src_38,ipv6_src_39,ipv6_src_40,ipv6_src_41,ipv6_src_42,ipv6_src_43,ipv6_src_44,ipv6_src_45,ipv6_src_46,ipv6_src_47,ipv6_src_48,ipv6_src_49,ipv6_src_50,ipv6_src_51,ipv6_src_52,ipv6_src_53,ipv6_src_54,ipv6_src_55,ipv6_src_56,ipv6_src_57,ipv6_src_58,ipv6_src_59,ipv6_src_60,ipv6_src_61,ipv6_src_62,ipv6_src_63,ipv6_src_64,ipv6_src_65,ipv6_src_66,ipv6_src_67,ipv6_src_68,ipv6_src_69,ipv6_src_70,ipv6_src_71,ipv6_src_72,ipv6_src_73,ipv6_src_74,ipv6_src_75,ipv6_src_76,ipv6_src_77,ipv6_src_78,ipv6_src_79,ipv6_src_80,ipv6_src_81,ipv6_src_82,ipv6_src_83,ipv6_src_84,ipv6_src_85,ipv6_src_86,ipv6_src_87,ipv6_src_88,ipv6_src_89,ipv6_src_90,ipv6_src_91,ipv6_src_92,ipv6_src_93,ipv6_src_94,ipv6_src_95,ipv6_src_96,ipv6_src_97,ipv6_src_98,ipv6_src_99,ipv6_src_100,ipv6_src_101,ipv6_src_102,ipv6_src_103,ipv6_src_104,ipv6_src_105,ipv6_src_106,ipv6_src_107,ipv6_src_108,ipv6_src_109,ipv6_src_110,ipv6_src_111,ipv6_src_112,ipv6_src_113,ipv6_src_114,ipv6_src_115,ipv6_src_116,ipv6_src_117,ipv6_src_118,ipv6_src_119,ipv6_src_120,ipv6_src_121,ipv6_src_122,ipv6_src_123,ipv6_src_124,ipv6_src_125,ipv6_src_126,ipv6_src_127,ipv6_dst_0,ipv6_dst_1,ipv6_dst_2,ipv6_dst_3,ipv6_dst_4,ipv6_dst_5,ipv6_dst_6,ipv6_dst_7,ipv6_dst_8,ipv6_dst_9,ipv6_dst_10,ipv6_dst_11,ipv6_dst_12,ipv6_dst_13,ipv6_dst_14,ipv6_dst_15,ipv6_dst_16,ipv6_dst_17,ipv6_dst_18,ipv6_dst_19,ipv6_dst_20,ipv6_dst_21,ipv6_dst_22,ipv6_dst_23,ipv6_dst_24,ipv6_dst_25,ipv6_dst_26,ipv6_dst_27,ipv6_dst_28,ipv6_dst_29,ipv6_dst_30,ipv6_dst_31,ipv6_dst_32,ipv6_dst_33,ipv6_dst_34,ipv6_dst_35,ipv6_dst_36,ipv6_dst_37,ipv6_dst_38,ipv6_dst_39,ipv6_dst_40,ipv6_dst_41,ipv6_dst_42,ipv6_dst_43,ipv6_dst_44,ipv6_dst_45,ipv6_dst_46,ipv6_dst_47,ipv6_dst_48,ipv6_dst_49,ipv6_dst_50,ipv6_dst_51,ipv6_dst_52,ipv6_dst_53,ipv6_dst_54,ipv6_dst_55,ipv6_dst_56,ipv6_dst_57,ipv6_dst_58,ipv6_dst_59,ipv6_dst_60,ipv6_dst_61,ipv6_dst_62,ipv6_dst_63,ipv6_dst_64,ipv6_dst_65,ipv6_dst_66,ipv6_dst_67,ipv6_dst_68,ipv6_dst_69,ipv6_dst_70,ipv6_dst_71,ipv6_dst_72,ipv6_dst_73,ipv6_dst_74,ipv6_dst_75,ipv6_dst_76,ipv6_dst_77,ipv6_dst_78,ipv6_dst_79,ipv6_dst_80,ipv6_dst_81,ipv6_dst_82,ipv6_dst_83,ipv6_dst_84,ipv6_dst_85,ipv6_dst_86,ipv6_dst_87,ipv6_dst_88,ipv6_dst_89,ipv6_dst_90,ipv6_dst_91,ipv6_dst_92,ipv6_dst_93,ipv6_dst_94,ipv6_dst_95,ipv6_dst_96,ipv6_dst_97,ipv6_dst_98,ipv6_dst_99,ipv6_dst_100,ipv6_dst_101,ipv6_dst_102,ipv6_dst_103,ipv6_dst_104,ipv6_dst_105,ipv6_dst_106,ipv6_dst_107,ipv6_dst_108,ipv6_dst_109,ipv6_dst_110,ipv6_dst_111,ipv6_dst_112,ipv6_dst_113,ipv6_dst_114,ipv6_dst_115,ipv6_dst_116,ipv6_dst_117,ipv6_dst_118,ipv6_dst_119,ipv6_dst_120,ipv6_dst_121,ipv6_dst_122,ipv6_dst_123,ipv6_dst_124,ipv6_dst_125,ipv6_dst_126,ipv6_dst_127,tcp_sprt_0,tcp_sprt_1,tcp_sprt_2,tcp_sprt_3,tcp_sprt_4,tcp_sprt_5,tcp_sprt_6,tcp_sprt_7,tcp_sprt_8,tcp_sprt_9,tcp_sprt_10,tcp_sprt_11,tcp_sprt_12,tcp_sprt_13,tcp_sprt_14,tcp_sprt_15,tcp_dprt_0,tcp_dprt_1,tcp_dprt_2,tcp_dprt_3,tcp_dprt_4,tcp_dprt_5,tcp_dprt_6,tcp_dprt_7,tcp_dprt_8,tcp_dprt_9,tcp_dprt_10,tcp_dprt_11,tcp_dprt_12,tcp_dprt_13,tcp_dprt_14,tcp_dprt_15,tcp_seq_0,tcp_seq_1,tcp_seq_2,tcp_seq_3,tcp_seq_4,tcp_seq_5,tcp_seq_6,tcp_seq_7,tcp_seq_8,tcp_seq_9,tcp_seq_10,tcp_seq_11,tcp_seq_12,tcp_seq_13,tcp_seq_14,tcp_seq_15,tcp_seq_16,tcp_seq_17,tcp_seq_18,tcp_seq_19,tcp_seq_20,tcp_seq_21,tcp_seq_22,tcp_seq_23,tcp_seq_24,tcp_seq_25,tcp_seq_26,tcp_seq_27,tcp_seq_28,tcp_seq_29,tcp_seq_30,tcp_seq_31,tcp_ackn_0,tcp_ackn_1,tcp_ackn_2,tcp_ackn_3,tcp_ackn_4,tcp_ackn_5,tcp_ackn_6,tcp_ackn_7,tcp_ackn_8,tcp_ackn_9,tcp_ackn_10,tcp_ackn_11,tcp_ackn_12,tcp_ackn_13,tcp_ackn_14,tcp_ackn_15,tcp_ackn_16,tcp_ackn_17,tcp_ackn_18,tcp_ackn_19,tcp_ackn_20,tcp_ackn_21,tcp_ackn_22,tcp_ackn_23,tcp_ackn_24,tcp_ackn_25,tcp_ackn_26,tcp_ackn_27,tcp_ackn_28,tcp_ackn_29,tcp_ackn_30,tcp_ackn_31,tcp_doff_0,tcp_doff_1,tcp_doff_2,tcp_doff_3,tcp_res_0,tcp_res_1,tcp_res_2,tcp_ns_0,tcp_cwr_0,tcp_ece_0,tcp_urg_0,tcp_ackf_0,tcp_psh_0,tcp_rst_0,tcp_syn_0,tcp_fin_0,tcp_wsize_0,tcp_wsize_1,tcp_wsize_2,tcp_wsize_3,tcp_wsize_4,tcp_wsize_5,tcp_wsize_6,tcp_wsize_7,tcp_wsize_8,tcp_wsize_9,tcp_wsize_10,tcp_wsize_11,tcp_wsize_12,tcp_wsize_13,tcp_wsize_14,tcp_wsize_15,tcp_cksum_0,tcp_cksum_1,tcp_cksum_2,tcp_cksum_3,tcp_cksum_4,tcp_cksum_5,tcp_cksum_6,tcp_cksum_7,tcp_cksum_8,tcp_cksum_9,tcp_cksum_10,tcp_cksum_11,tcp_cksum_12,tcp_cksum_13,tcp_cksum_14,tcp_cksum_15,tcp_urp_0,tcp_urp_1,tcp_urp_2,tcp_urp_3,tcp_urp_4,tcp_urp_5,tcp_urp_6,tcp_urp_7,tcp_urp_8,tcp_urp_9,tcp_urp_10,tcp_urp_11,tcp_urp_12,tcp_urp_13,tcp_urp_14,tcp_urp_15,tcp_opt_0,tcp_opt_1,tcp_opt_2,tcp_opt_3,tcp_opt_4,tcp_opt_5,tcp_opt_6,tcp_opt_7,tcp_opt_8,tcp_opt_9,tcp_opt_10,tcp_opt_11,tcp_opt_12,tcp_opt_13,tcp_opt_14,tcp_opt_15,tcp_opt_16,tcp_opt_17,tcp_opt_18,tcp_opt_19,tcp_opt_20,tcp_opt_21,tcp_opt_22,tcp_opt_23,tcp_opt_24,tcp_opt_25,tcp_opt_26,tcp_opt_27,tcp_opt_28,tcp_opt_29,tcp_opt_30,tcp_opt_31,tcp_opt_32,tcp_opt_33,tcp_opt_34,tcp_opt_35,tcp_opt_36,tcp_opt_37,tcp_opt_38,tcp_opt_39,tcp_opt_40,tcp_opt_41,tcp_opt_42,tcp_opt_43,tcp_opt_44,tcp_opt_45,tcp_opt_46,tcp_opt_47,tcp_opt_48,tcp_opt_49,tcp_opt_50,tcp_opt_51,tcp_opt_52,tcp_opt_53,tcp_opt_54,tcp_opt_55,tcp_opt_56,tcp_opt_57,tcp_opt_58,tcp_opt_59,tcp_opt_60,tcp_opt_61,tcp_opt_62,tcp_opt_63,tcp_opt_64,tcp_opt_65,tcp_opt_66,tcp_opt_67,tcp_opt_68,tcp_opt_69,tcp_opt_70,tcp_opt_71,tcp_opt_72,tcp_opt_73,tcp_opt_74,tcp_opt_75,tcp_opt_76,tcp_opt_77,tcp_opt_78,tcp_opt_79,tcp_opt_80,tcp_opt_81,tcp_opt_82,tcp_opt_83,tcp_opt_84,tcp_opt_85,tcp_opt_86,tcp_opt_87,tcp_opt_88,tcp_opt_89,tcp_opt_90,tcp_opt_91,tcp_opt_92,tcp_opt_93,tcp_opt_94,tcp_opt_95,tcp_opt_96,tcp_opt_97,tcp_opt_98,tcp_opt_99,tcp_opt_100,tcp_opt_101,tcp_opt_102,tcp_opt_103,tcp_opt_104,tcp_opt_105,tcp_opt_106,tcp_opt_107,tcp_opt_108,tcp_opt_109,tcp_opt_110,tcp_opt_111,tcp_opt_112,tcp_opt_113,tcp_opt_114,tcp_opt_115,tcp_opt_116,tcp_opt_117,tcp_opt_118,tcp_opt_119,tcp_opt_120,tcp_opt_121,tcp_opt_122,tcp_opt_123,tcp_opt_124,tcp_opt_125,tcp_opt_126,tcp_opt_127,tcp_opt_128,tcp_opt_129,tcp_opt_130,tcp_opt_131,tcp_opt_132,tcp_opt_133,tcp_opt_134,tcp_opt_135,tcp_opt_136,tcp_opt_137,tcp_opt_138,tcp_opt_139,tcp_opt_140,tcp_opt_141,tcp_opt_142,tcp_opt_143,tcp_opt_144,tcp_opt_145,tcp_opt_146,tcp_opt_147,tcp_opt_148,tcp_opt_149,tcp_opt_150,tcp_opt_151,tcp_opt_152,tcp_opt_153,tcp_opt_154,tcp_opt_155,tcp_opt_156,tcp_opt_157,tcp_opt_158,tcp_opt_159,tcp_opt_160,tcp_opt_161,tcp_opt_162,tcp_opt_163,tcp_opt_164,tcp_opt_165,tcp_opt_166,tcp_opt_167,tcp_opt_168,tcp_opt_169,tcp_opt_170,tcp_opt_171,tcp_opt_172,tcp_opt_173,tcp_opt_174,tcp_opt_175,tcp_opt_176,tcp_opt_177,tcp_opt_178,tcp_opt_179,tcp_opt_180,tcp_opt_181,tcp_opt_182,tcp_opt_183,tcp_opt_184,tcp_opt_185,tcp_opt_186,tcp_opt_187,tcp_opt_188,tcp_opt_189,tcp_opt_190,tcp_opt_191,tcp_opt_192,tcp_opt_193,tcp_opt_194,tcp_opt_195,tcp_opt_196,tcp_opt_197,tcp_opt_198,tcp_opt_199,tcp_opt_200,tcp_opt_201,tcp_opt_202,tcp_opt_203,tcp_opt_204,tcp_opt_205,tcp_opt_206,tcp_opt_207,tcp_opt_208,tcp_opt_209,tcp_opt_210,tcp_opt_211,tcp_opt_212,tcp_opt_213,tcp_opt_214,tcp_opt_215,tcp_opt_216,tcp_opt_217,tcp_opt_218,tcp_opt_219,tcp_opt_220,tcp_opt_221,tcp_opt_222,tcp_opt_223,tcp_opt_224,tcp_opt_225,tcp_opt_226,tcp_opt_227,tcp_opt_228,tcp_opt_229,tcp_opt_230,tcp_opt_231,tcp_opt_232,tcp_opt_233,tcp_opt_234,tcp_opt_235,tcp_opt_236,tcp_opt_237,tcp_opt_238,tcp_opt_239,tcp_opt_240,tcp_opt_241,tcp_opt_242,tcp_opt_243,tcp_opt_244,tcp_opt_245,tcp_opt_246,tcp_opt_247,tcp_opt_248,tcp_opt_249,tcp_opt_250,tcp_opt_251,tcp_opt_252,tcp_opt_253,tcp_opt_254,tcp_opt_255,tcp_opt_256,tcp_opt_257,tcp_opt_258,tcp_opt_259,tcp_opt_260,tcp_opt_261,tcp_opt_262,tcp_opt_263,tcp_opt_264,tcp_opt_265,tcp_opt_266,tcp_opt_267,tcp_opt_268,tcp_opt_269,tcp_opt_270,tcp_opt_271,tcp_opt_272,tcp_opt_273,tcp_opt_274,tcp_opt_275,tcp_opt_276,tcp_opt_277,tcp_opt_278,tcp_opt_279,tcp_opt_280,tcp_opt_281,tcp_opt_282,tcp_opt_283,tcp_opt_284,tcp_opt_285,tcp_opt_286,tcp_opt_287,tcp_opt_288,tcp_opt_289,tcp_opt_290,tcp_opt_291,tcp_opt_292,tcp_opt_293,tcp_opt_294,tcp_opt_295,tcp_opt_296,tcp_opt_297,tcp_opt_298,tcp_opt_299,tcp_opt_300,tcp_opt_301,tcp_opt_302,tcp_opt_303,tcp_opt_304,tcp_opt_305,tcp_opt_306,tcp_opt_307,tcp_opt_308,tcp_opt_309,tcp_opt_310,tcp_opt_311,tcp_opt_312,tcp_opt_313,tcp_opt_314,tcp_opt_315,tcp_opt_316,tcp_opt_317,tcp_opt_318,tcp_opt_319,udp_sport_0,udp_sport_1,udp_sport_2,udp_sport_3,udp_sport_4,udp_sport_5,udp_sport_6,udp_sport_7,udp_sport_8,udp_sport_9,udp_sport_10,udp_sport_11,udp_sport_12,udp_sport_13,udp_sport_14,udp_sport_15,udp_dport_0,udp_dport_1,udp_dport_2,udp_dport_3,udp_dport_4,udp_dport_5,udp_dport_6,udp_dport_7,udp_dport_8,udp_dport_9,udp_dport_10,udp_dport_11,udp_dport_12,udp_dport_13,udp_dport_14,udp_dport_15,udp_len_0,udp_len_1,udp_len_2,udp_len_3,udp_len_4,udp_len_5,udp_len_6,udp_len_7,udp_len_8,udp_len_9,udp_len_10,udp_len_11,udp_len_12,udp_len_13,udp_len_14,udp_len_15,udp_cksum_0,udp_cksum_1,udp_cksum_2,udp_cksum_3,udp_cksum_4,udp_cksum_5,udp_cksum_6,udp_cksum_7,udp_cksum_8,udp_cksum_9,udp_cksum_10,udp_cksum_11,udp_cksum_12,udp_cksum_13,udp_cksum_14,udp_cksum_15,icmp_type_0,icmp_type_1,icmp_type_2,icmp_type_3,icmp_type_4,icmp_type_5,icmp_type_6,icmp_type_7,icmp_code_0,icmp_code_1,icmp_code_2,icmp_code_3,icmp_code_4,icmp_code_5,icmp_code_6,icmp_code_7,icmp_cksum_0,icmp_cksum_1,icmp_cksum_2,icmp_cksum_3,icmp_cksum_4,icmp_cksum_5,icmp_cksum_6,icmp_cksum_7,icmp_cksum_8,icmp_cksum_9,icmp_cksum_10,icmp_cksum_11,icmp_cksum_12,icmp_cksum_13,icmp_cksum_14,icmp_cksum_15,icmp_roh_0,icmp_roh_1,icmp_roh_2,icmp_roh_3,icmp_roh_4,icmp_roh_5,icmp_roh_6,icmp_roh_7,icmp_roh_8,icmp_roh_9,icmp_roh_10,icmp_roh_11,icmp_roh_12,icmp_roh_13,icmp_roh_14,icmp_roh_15,icmp_roh_16,icmp_roh_17,icmp_roh_18,icmp_roh_19,icmp_roh_20,icmp_roh_21,icmp_roh_22,icmp_roh_23,icmp_roh_24,icmp_roh_25,icmp_roh_26,icmp_roh_27,icmp_roh_28,icmp_roh_29,icmp_roh_30,icmp_roh_31,payload_bit_0,payload_bit_1,payload_bit_2,payload_bit_3,payload_bit_4,payload_bit_5,payload_bit_6,payload_bit_7,payload_bit_8,payload_bit_9,payload_bit_10,payload_bit_11,payload_bit_12,payload_bit_13,payload_bit_14,payload_bit_15,payload_bit_16,payload_bit_17,payload_bit_18,payload_bit_19,payload_bit_20,payload_bit_21,payload_bit_22,payload_bit_23,payload_bit_24,payload_bit_25,payload_bit_26,payload_bit_27,payload_bit_28,payload_bit_29,payload_bit_30,payload_bit_31,payload_bit_32,payload_bit_33,payload_bit_34,payload_bit_35,payload_bit_36,payload_bit_37,payload_bit_38,payload_bit_39,payload_bit_40,payload_bit_41,payload_bit_42,payload_bit_43,payload_bit_44,payload_bit_45,payload_bit_46,payload_bit_47,payload_bit_48,payload_bit_49,payload_bit_50,payload_bit_51,payload_bit_52,payload_bit_53,payload_bit_54,payload_bit_55,payload_bit_56,payload_bit_57,payload_bit_58,payload_bit_59,payload_bit_60,payload_bit_61,payload_bit_62,payload_bit_63,payload_bit_64,payload_bit_65,payload_bit_66,payload_bit_67,payload_bit_68,payload_bit_69,payload_bit_70,payload_bit_71,payload_bit_72,payload_bit_73,payload_bit_74,payload_bit_75,payload_bit_76,payload_bit_77,payload_bit_78,payload_bit_79,payload_bit_80,payload_bit_81,payload_bit_82,payload_bit_83,payload_bit_84,payload_bit_85,payload_bit_86,payload_bit_87,payload_bit_88,payload_bit_89,payload_bit_90,payload_bit_91,payload_bit_92,payload_bit_93,payload_bit_94,payload_bit_95,payload_bit_96,payload_bit_97,payload_bit_98,payload_bit_99,payload_bit_100,payload_bit_101,payload_bit_102,payload_bit_103,payload_bit_104,payload_bit_105,payload_bit_106,payload_bit_107,payload_bit_108,payload_bit_109,payload_bit_110,payload_bit_111,payload_bit_112,payload_bit_113,payload_bit_114,payload_bit_115,payload_bit_116,payload_bit_117,payload_bit_118,payload_bit_119,payload_bit_120,payload_bit_121,payload_bit_122,payload_bit_123,payload_bit_124,payload_bit_125,payload_bit_126,payload_bit_127,payload_bit_128,payload_bit_129,payload_bit_130,payload_bit_131,payload_bit_132,payload_bit_133,payload_bit_134,payload_bit_135,payload_bit_136,payload_bit_137,payload_bit_138,payload_bit_139,payload_bit_140,payload_bit_141,payload_bit_142,payload_bit_143,payload_bit_144,payload_bit_145,payload_bit_146,payload_bit_147,payload_bit_148,payload_bit_149,payload_bit_150,payload_bit_151,payload_bit_152,payload_bit_153,payload_bit_154,payload_bit_155,payload_bit_156,payload_bit_157,payload_bit_158,payload_bit_159,payload_bit_160,payload_bit_161,payload_bit_162,payload_bit_163,payload_bit_164,payload_bit_165,payload_bit_166,payload_bit_167,payload_bit_168,payload_bit_169,payload_bit_170,payload_bit_171,payload_bit_172,payload_bit_173,payload_bit_174,payload_bit_175,payload_bit_176,payload_bit_177,payload_bit_178,payload_bit_179,payload_bit_180,payload_bit_181,payload_bit_182,payload_bit_183,payload_bit_184,payload_bit_185,payload_bit_186,payload_bit_187,payload_bit_188,payload_bit_189,payload_bit_190,payload_bit_191,payload_bit_192,payload_bit_193,payload_bit_194,payload_bit_195,payload_bit_196,payload_bit_197,payload_bit_198,payload_bit_199,payload_bit_200,payload_bit_201,payload_bit_202,payload_bit_203,payload_bit_204,payload_bit_205,payload_bit_206,payload_bit_207,payload_bit_208,payload_bit_209,payload_bit_210,payload_bit_211,payload_bit_212,payload_bit_213,payload_bit_214,payload_bit_215,payload_bit_216,payload_bit_217,payload_bit_218,payload_bit_219,payload_bit_220,payload_bit_221,payload_bit_222,payload_bit_223,payload_bit_224,payload_bit_225,payload_bit_226,payload_bit_227,payload_bit_228,payload_bit_229,payload_bit_230,payload_bit_231,payload_bit_232,payload_bit_233,payload_bit_234,payload_bit_235,payload_bit_236,payload_bit_237,payload_bit_238,payload_bit_239,payload_bit_240,payload_bit_241,payload_bit_242,payload_bit_243,payload_bit_244,payload_bit_245,payload_bit_246,payload_bit_247,payload_bit_248,payload_bit_249,payload_bit_250,payload_bit_251,payload_bit_252,payload_bit_253,payload_bit_254,payload_bit_255
131.202.243.49,0,0,0,0,0,0,0,1,0,0,0,0,0,0,0,0,0,1,0,1,1,1,1,0,0,0,0,0,0,0,0,0,0,0,0,0,0,0,0,0,1,1,1,1,1,1,0,0,0,1,1,1,1,0,0,0,0,0,1,0,1,0,1,1,1,1,0,0,1,0,1,1,1,0,0,1,1,1,1,1,0,1,1,1,1,1,1,1,0,1,1,1,1,0,1,1,0,0,0,0,1,0,0,0,0,0,0,0,0,0,0,0,0,1,0,0,0,1,0,1,0,0,0,0,0,0,0,0,0,0,0,0,0,0,0,0,0,0,1,1,0,0,1,0,0,1,1,1,0,1,0,1,1,1,0,0,0,0,0,0,0,0,0,0,0,0,0,0,0,0,0,0,0,0,0,0,0,0,0,0,0,0,0,1,0,0,0,1,0,0,0,1,1,1,1,0,1,1,0,0,0,0,0,0,0,0,1,0,1,0,0,0,0,0,1,1,1,1,0,0,1,0,1,0,1,1,1,1,0,0,1,1,0,0,1,1,0,0,0,1,1,1,1,0,0,0,0,0,0,0,0,0,0,0,0,0,0,0,0,0,0,0,0,0,1,1,1,1,1,1,0,0,-1,-1,-1,-1,-1,-1,-1,-1,-1,-1,-1,-1,-1,-1,-1,-1,-1,-1,-1,-1,-1,-1,-1,-1,-1,-1,-1,-1,-1,-1,-1,-1,-1,-1,-1,-1,-1,-1,-1,-1,-1,-1,-1,-1,-1,-1,-1,-1,-1,-1,-1,-1,-1,-1,-1,-1,-1,-1,-1,-1,-1,-1,-1,-1,-1,-1,-1,-1,-1,-1,-1,-1,-1,-1,-1,-1,-1,-1,-1,-1,-1,-1,-1,-1,-1,-1,-1,-1,-1,-1,-1,-1,-1,-1,-1,-1,-1,-1,-1,-1,-1,-1,-1,-1,-1,-1,-1,-1,-1,-1,-1,-1,-1,-1,-1,-1,-1,-1,-1,-1,-1,-1,-1,-1,-1,-1,-1,-1,-1,-1,-1,-1,-1,-1,-1,-1,-1,-1,-1,-1,-1,-1,-1,-1,-1,-1,-1,-1,-1,-1,-1,-1,-1,-1,-1,-1,-1,-1,-1,-1,-1,-1,-1,-1,-1,-1,-1,-1,-1,-1,-1,-1,-1,-1,-1,-1,-1,-1,-1,-1,-1,-1,-1,-1,-1,-1,-1,-1,-1,-1,-1,-1,-1,-1,-1,-1,-1,-1,-1,-1,-1,-1,-1,-1,-1,-1,-1,-1,-1,-1,-1,-1,-1,-1,-1,-1,-1,-1,-1,-1,-1,-1,-1,-1,-1,-1,-1,-1,-1,-1,-1,-1,-1,-1,-1,-1,-1,-1,-1,-1,-1,-1,-1,-1,-1,-1,-1,-1,-1,-1,-1,-1,-1,-1,-1,-1,-1,-1,-1,-1,-1,-1,-1,-1,-1,-1,-1,-1,-1,-1,-1,-1,-1,-1,-1,-1,-1,-1,-1,-1,-1,-1,-1,-1,-1,-1,-1,-1,-1,-1,-1,-1,-1,-1,-1,-1,-1,-1,-1,-1,-1,-1,-1,-1,-1,-1,-1,-1,-1,-1,-1,-1,-1,-1,-1,-1,-1,-1,-1,-1,-1,-1,-1,-1,-1,-1,-1,-1,-1,-1,-1,-1,-1,-1,-1,-1,-1,-1,-1,-1,-1,-1,-1,-1,-1,-1,-1,-1,-1,-1,-1,-1,-1,-1,-1,-1,-1,-1,-1,-1,-1,-1,-1,-1,-1,-1,-1,-1,-1,-1,-1,-1,-1,-1,-1,-1,-1,-1,-1,-1,-1,-1,-1,-1,-1,-1,-1,-1,-1,-1,-1,-1,-1,-1,-1,-1,-1,-1,-1,-1,-1,-1,-1,-1,-1,-1,-1,-1,-1,-1,-1,-1,-1,-1,-1,-1,-1,-1,-1,-1,-1,-1,-1,-1,-1,-1,-1,-1,-1,-1,-1,-1,-1,-1,-1,-1,-1,-1,-1,-1,-1,-1,-1,-1,-1,-1,-1,-1,-1,-1,-1,-1,-1,-1,-1,-1,-1,-1,-1,-1,-1,-1,-1,-1,-1,-1,-1,-1,-1,-1,-1,-1,-1,-1,-1,-1,-1,-1,-1,-1,-1,-1,-1,-1,-1,-1,-1,-1,-1,-1,-1,-1,-1,-1,-1,-1,-1,-1,-1,-1,-1,-1,-1,-1,-1,-1,-1,-1,-1,-1,-1,-1,-1,-1,-1,-1,-1,-1,-1,-1,-1,-1,-1,-1,-1,-1,-1,-1,-1,-1,-1,-1,-1,-1,-1,-1,-1,-1,-1,-1,-1,-1,-1,-1,-1,-1,-1,-1,-1,-1,-1,-1,-1,-1,-1,-1,-1,-1,-1,-1,-1,-1,-1,-1,-1,-1,-1,-1,-1,-1,-1,-1,-1,-1,-1,-1,-1,-1,-1,-1,-1,-1,-1,-1,-1,-1,-1,-1,-1,-1,-1,-1,-1,-1,-1,-1,-1,-1,-1,-1,-1,-1,-1,-1,-1,-1,-1,-1,-1,-1,-1,-1,-1,-1,-1,-1,-1,-1,-1,-1,-1,-1,-1,-1,-1,-1,-1,-1,-1,-1,-1,-1,-1,-1,-1,-1,-1,-1,-1,-1,-1,-1,-1,-1,-1,-1,-1,-1,-1,-1,-1,-1,-1,-1,-1,-1,-1,-1,-1,-1,-1,-1,-1,-1,-1,-1,-1,-1,-1,-1,-1,-1,-1,-1,-1,-1,-1,-1,-1,-1,-1,-1,-1,-1,-1,-1,-1,-1,-1,-1,-1,-1,-1,-1,-1,-1,-1,-1,-1,-1,-1,-1,-1,-1,-1,-1,-1,-1,-1,-1,-1,-1,-1,-1,-1,-1,-1,-1,-1,-1,-1,-1,-1,-1,-1,-1,-1,-1,-1,-1,-1,-1,-1,-1,-1,-1,-1,-1,-1,-1,-1,-1,-1,-1,-1,-1,-1,-1,-1,-1,-1,-1,-1,-1,-1,-1,-1,-1,-1,-1,-1,-1,-1,-1,-1,-1,-1,-1,-1,-1,-1,-1,-1,-1,-1,-1,-1,-1,-1,-1,-1,-1,-1,-1,-1,-1,-1,-1,-1,-1,-1,-1,-1,-1,-1,-1,-1,-1,-1,-1,-1,-1,-1,-1,-1,-1,-1,-1,-1,-1,-1,-1,-1,-1,-1,-1,-1,-1,-1,-1,-1,-1,-1,-1,-1,-1,-1,-1,-1,-1,-1,-1,-1,-1,-1,-1,-1,-1,-1,-1,-1,-1,-1,-1,-1,-1,-1,-1,-1,-1,-1,-1,-1,-1,-1,-1,-1,-1,-1,-1,-1,-1,-1,-1,-1,-1,-1,-1,-1,-1,-1,-1,-1,-1,-1,-1,-1,-1,-1,-1,-1,-1,-1,-1,-1,-1,-1,-1,-1,-1,-1,-1,-1,-1,-1,-1,-1,-1,-1,-1,-1,-1,-1,-1,-1,-1,-1,-1,-1,-1,-1,-1,-1,-1,-1,-1,-1,-1,-1,-1,-1,-1,-1,-1,-1,-1,-1,-1,-1,-1,-1,-1,-1,-1,-1,-1,-1,-1,-1,-1,-1,-1,-1,-1,-1,-1,-1,-1,-1,-1,-1,-1,-1,-1,-1,-1,-1,-1,-1,-1,-1,-1,-1,-1,-1,-1,-1,-1,-1,-1,-1,-1,-1,-1,-1,-1,-1,-1,-1,-1,-1,-1,-1,-1,-1,-1,-1,-1,-1,-1,-1,-1,-1,-1,-1,-1,-1,-1,-1,-1,-1,-1,-1,-1,-1,-1,-1,-1,-1,-1,-1,-1,-1,-1,-1,-1,-1,-1,-1,-1,-1,-1,-1,-1,-1,-1,-1,-1,-1,-1,-1,-1,-1,-1,-1,-1,-1,-1,-1,-1,-1,-1,-1,-1,-1,-1,-1,-1,-1,-1,-1,-1,-1,-1,-1,-1,-1,-1,-1,-1,-1,-1,-1,-1,-1,-1,-1,-1,-1,-1,-1,-1,-1,-1,-1,-1,-1,-1,-1,-1,-1,-1,-1,-1,-1,-1,-1,-1,-1,-1,-1,-1,-1,-1,-1,-1,-1,-1,-1,-1,-1,-1,-1,-1,-1,-1,-1,-1,-1,-1,-1,-1,-1,-1,-1,-1,-1,-1,-1,-1,1,1,0,1,0,1,0,1,1,1,0,1,0,0,0,0,0,0,0,1,0,1,0,0,1,1,1,0,1,0,1,1,0,0,0,0,0,0,0,0,0,0,0,1,1,1,1,0,1,0,0,0,1,0,0,0,1,0,0,1,0,0,1,1,-1,-1,-1,-1,-1,-1,-1,-1,-1,-1,-1,-1,-1,-1,-1,-1,-1,-1,-1,-1,-1,-1,-1,-1,-1,-1,-1,-1,-1,-1,-1,-1,-1,-1,-1,-1,-1,-1,-1,-1,-1,-1,-1,-1,-1,-1,-1,-1,-1,-1,-1,-1,-1,-1,-1,-1,-1,-1,-1,-1,-1,-1,-1,-1,0,1,0,1,1,0,1,1,1,0,0,0,1,1,1,0,0,0,0,0,0,0,0,0,0,0,0,0,0,0,0,0,0,0,0,0,0,0,0,0,0,0,0,0,0,0,0,1,0,0,0,0,0,0,0,0,0,0,0,0,0,0,0,0,0,0,0,0,0,0,0,0,0,0,0,0,0,0,0,0,0,0,0,0,0,0,0,0,0,0,0,0,0,0,0,0,0,0,0,0,0,1,0,0,0,1,1,1,0,1,1,1,0,1,1,1,0,0,0,0,0,1,1,0,0,0,0,1,0,1,1,0,0,1,0,0,0,0,0,0,0,0,0,0,0,0,0,0,0,0,0,0,0,0,0,0,0,0,0,1,0,0,0,0,0,0,0,0,0,0,0,0,0,0,0,1,-1,-1,-1,-1,-1,-1,-1,-1,-1,-1,-1,-1,-1,-1,-1,-1,-1,-1,-1,-1,-1,-1,-1,-1,-1,-1,-1,-1,-1,-1,-1,-1,-1,-1,-1,-1,-1,-1,-1,-1,-1,-1,-1,-1,-1,-1,-1,-1,-1,-1,-1,-1,-1,-1,-1,-1,-1,-1,-1,-1,-1,-1,-1,-1,-1,-1,-1,-1,-1,-1,-1,-1,-1,-1,-1,-1,-1,-1,-1,-1
131.202.243.49,0,0,0,0,0,0,0,1,0,0,0,0,0,0,0,0,0,1,0,1,1,1,1,0,0,0,0,0,0,0,0,0,0,0,0,0,0,0,0,0,1,1,1,1,1,1,0,0,0,1,1,1,1,0,0,0,0,0,1,0,1,0,1,1,1,1,0,0,1,0,1,1,1,0,0,1,1,1,1,1,0,1,1,1,1,1,1,1,0,1,1,1,1,0,1,1,0,0,0,0,1,0,0,0,0,0,0,0,0,0,0,0,0,1,0,0,0,1,0,1,0,0,0,0,0,0,0,0,0,0,0,0,0,0,0,0,0,0,1,1,0,0,1,0,0,1,1,1,0,1,0,1,1,1,0,0,0,1,0,1,0,0,0,0,0,0,0,0,0,0,0,0,0,0,0,0,0,0,0,0,0,0,0,1,0,0,0,1,0,0,0,1,1,1,1,0,1,0,1,1,1,1,1,1,1,1,0,1,1,0,0,0,0,0,1,1,1,1,0,0,1,0,1,0,1,1,1,1,0,0,1,1,0,0,1,1,0,0,0,1,1,1,1,0,0,0,0,0,0,0,0,0,0,0,0,0,0,0,0,0,0,0,0,0,1,1,1,1,1,1,0,0,-1,-1,-1,-1,-1,-1,-1,-1,-1,-1,-1,-1,-1,-1,-1,-1,-1,-1,-1,-1,-1,-1,-1,-1,-1,-1,-1,-1,-1,-1,-1,-1,-1,-1,-1,-1,-1,-1,-1,-1,-1,-1,-1,-1,-1,-1,-1,-1,-1,-1,-1,-1,-1,-1,-1,-1,-1,-1,-1,-1,-1,-1,-1,-1,-1,-1,-1,-1,-1,-1,-1,-1,-1,-1,-1,-1,-1,-1,-1,-1,-1,-1,-1,-1,-1,-1,-1,-1,-1,-1,-1,-1,-1,-1,-1,-1,-1,-1,-1,-1,-1,-1,-1,-1,-1,-1,-1,-1,-1,-1,-1,-1,-1,-1,-1,-1,-1,-1,-1,-1,-1,-1,-1,-1,-1,-1,-1,-1,-1,-1,-1,-1,-1,-1,-1,-1,-1,-1,-1,-1,-1,-1,-1,-1,-1,-1,-1,-1,-1,-1,-1,-1,-1,-1,-1,-1,-1,-1,-1,-1,-1,-1,-1,-1,-1,-1,-1,-1,-1,-1,-1,-1,-1,-1,-1,-1,-1,-1,-1,-1,-1,-1,-1,-1,-1,-1,-1,-1,-1,-1,-1,-1,-1,-1,-1,-1,-1,-1,-1,-1,-1,-1,-1,-1,-1,-1,-1,-1,-1,-1,-1,-1,-1,-1,-1,-1,-1,-1,-1,-1,-1,-1,-1,-1,-1,-1,-1,-1,-1,-1,-1,-1,-1,-1,-1,-1,-1,-1,-1,-1,-1,-1,-1,-1,-1,-1,-1,-1,-1,-1,-1,-1,-1,-1,-1,-1,-1,-1,-1,-1,-1,-1,-1,-1,-1,-1,-1,-1,-1,-1,-1,-1,-1,-1,-1,-1,-1,-1,-1,-1,-1,-1,-1,-1,-1,-1,-1,-1,-1,-1,-1,-1,-1,-1,-1,-1,-1,-1,-1,-1,-1,-1,-1,-1,-1,-1,-1,-1,-1,-1,-1,-1,-1,-1,-1,-1,-1,-1,-1,-1,-1,-1,-1,-1,-1,-1,-1,-1,-1,-1,-1,-1,-1,-1,-1,-1,-1,-1,-1,-1,-1,-1,-1,-1,-1,-1,-1,-1,-1,-1,-1,-1,-1,-1,-1,-1,-1,-1,-1,-1,-1,-1,-1,-1,-1,-1,-1,-1,-1,-1,-1,-1,-1,-1,-1,-1,-1,-1,-1,-1,-1,-1,-1,-1,-1,-1,-1,-1,-1,-1,-1,-1,-1,-1,-1,-1,-1,-1,-1,-1,-1,-1,-1,-1,-1,-1,-1,-1,-1,-1,-1,-1,-1,-1,-1,-1,-1,-1,-1,-1,-1,-1,-1,-1,-1,-1,-1,-1,-1,-1,-1,-1,-1,-1,-1,-1,-1,-1,-1,-1,-1,-1,-1,-1,-1,-1,-1,-1,-1,-1,-1,-1,-1,-1,-1,-1,-1,-1,-1,-1,-1,-1,-1,-1,-1,-1,-1,-1,-1,-1,-1,-1,-1,-1,-1,-1,-1,-1,-1,-1,-1,-1,-1,-1,-1,-1,-1,-1,-1,-1,-1,-1,-1,-1,-1,-1,-1,-1,-1,-1,-1,-1,-1,-1,-1,-1,-1,-1,-1,-1,-1,-1,-1,-1,-1,-1,-1,-1,-1,-1,-1,-1,-1,-1,-1,-1,-1,-1,-1,-1,-1,-1,-1,-1,-1,-1,-1,-1,-1,-1,-1,-1,-1,-1,-1,-1,-1,-1,-1,-1,-1,-1,-1,-1,-1,-1,-1,-1,-1,-1,-1,-1,-1,-1,-1,-1,-1,-1,-1,-1,-1,-1,-1,-1,-1,-1,-1,-1,-1,-1,-1,-1,-1,-1,-1,-1,-1,-1,-1,-1,-1,-1,-1,-1,-1,-1,-1,-1,-1,-1,-1,-1,-1,-1,-1,-1,-1,-1,-1,-1,-1,-1,-1,-1,-1,-1,-1,-1,-1,-1,-1,-1,-1,-1,-1,-1,-1,-1,-1,-1,-1,-1,-1,-1,-1,-1,-1,-1,-1,-1,-1,-1,-1,-1,-1,-1,-1,-1,-1,-1,-1,-1,-1,-1,-1,-1,-1,-1,-1,-1,-1,-1,-1,-1,-1,-1,-1,-1,-1,-1,-1,-1,-1,-1,-1,-1,-1,-1,-1,-1,-1,-1,-1,-1,-1,-1,-1,-1,-1,-1,-1,-1,-1,-1,-1,-1,-1,-1,-1,-1,-1,-1,-1,-1,-1,-1,-1,-1,-1,-1,-1,-1,-1,-1,-1,-1,-1,-1,-1,-1,-1,-1,-1,-1,-1,-1,-1,-1,-1,-1,-1,-1,-1,-1,-1,-1,-1,-1,-1,-1,-1,-1,-1,-1,-1,-1,-1,-1,-1,-1,-1,-1,-1,-1,-1,-1,-1,-1,-1,-1,-1,-1,-1,-1,-1,-1,-1,-1,-1,-1,-1,-1,-1,-1,-1,-1,-1,-1,-1,-1,-1,-1,-1,-1,-1,-1,-1,-1,-1,-1,-1,-1,-1,-1,-1,-1,-1,-1,-1,-1,-1,-1,-1,-1,-1,-1,-1,-1,-1,-1,-1,-1,-1,-1,-1,-1,-1,-1,-1,-1,-1,-1,-1,-1,-1,-1,-1,-1,-1,-1,-1,-1,-1,-1,-1,-1,-1,-1,-1,-1,-1,-1,-1,-1,-1,-1,-1,-1,-1,-1,-1,-1,-1,-1,-1,-1,-1,-1,-1,-1,-1,-1,-1,-1,-1,-1,-1,-1,-1,-1,-1,-1,-1,-1,-1,-1,-1,-1,-1,-1,-1,-1,-1,-1,-1,-1,-1,-1,-1,-1,-1,-1,-1,-1,-1,-1,-1,-1,-1,-1,-1,-1,-1,-1,-1,-1,-1,-1,-1,-1,-1,-1,-1,-1,-1,-1,-1,-1,-1,-1,-1,-1,-1,-1,-1,-1,-1,-1,-1,-1,-1,-1,-1,-1,-1,-1,-1,-1,-1,-1,-1,-1,-1,-1,-1,-1,-1,-1,-1,-1,-1,-1,-1,-1,-1,-1,-1,-1,-1,-1,-1,-1,-1,-1,-1,-1,-1,-1,-1,-1,-1,-1,-1,-1,-1,-1,-1,-1,-1,-1,-1,-1,-1,-1,-1,-1,-1,-1,-1,-1,-1,-1,-1,-1,-1,-1,-1,-1,-1,-1,-1,-1,-1,-1,-1,-1,-1,-1,-1,-1,-1,-1,-1,-1,-1,-1,-1,-1,-1,-1,-1,-1,-1,-1,-1,-1,-1,-1,-1,-1,-1,-1,-1,-1,-1,-1,-1,-1,-1,-1,-1,-1,-1,-1,-1,-1,-1,-1,-1,-1,-1,-1,-1,-1,-1,-1,-1,-1,-1,-1,-1,-1,-1,-1,-1,-1,-1,-1,-1,-1,-1,-1,-1,-1,-1,-1,-1,-1,-1,-1,-1,-1,-1,-1,-1,-1,-1,-1,-1,-1,-1,-1,-1,-1,-1,-1,-1,-1,-1,-1,-1,-1,-1,-1,-1,-1,-1,-1,-1,-1,-1,-1,-1,-1,-1,-1,-1,-1,-1,-1,1,1,0,1,0,1,0,1,1,1,0,1,0,0,0,0,0,0,0,1,0,1,0,0,1,1,1,0,1,0,1,1,0,0,0,0,0,0,0,0,0,0,0,1,1,1,1,0,1,0,0,0,1,0,0,0,1,0,0,1,0,0,1,1,-1,-1,-1,-1,-1,-1,-1,-1,-1,-1,-1,-1,-1,-1,-1,-1,-1,-1,-1,-1,-1,-1,-1,-1,-1,-1,-1,-1,-1,-1,-1,-1,-1,-1,-1,-1,-1,-1,-1,-1,-1,-1,-1,-1,-1,-1,-1,-1,-1,-1,-1,-1,-1,-1,-1,-1,-1,-1,-1,-1,-1,-1,-1,-1,0,1,0,1,1,0,1,1,1,0,0,0,1,1,1,0,0,0,0,0,0,0,0,0,0,0,0,0,0,0,0,0,0,0,0,0,0,0,0,0,0,0,0,0,0,0,0,1,0,0,0,0,0,0,0,0,0,0,0,0,0,0,0,0,0,0,0,0,0,0,0,0,0,0,0,0,0,0,0,0,0,0,0,0,0,0,0,0,0,0,0,0,0,0,0,0,0,0,0,0,0,1,0,0,0,1,1,1,0,1,1,1,0,1,1,1,0,0,0,0,0,1,1,0,0,0,0,1,0,1,1,0,0,1,0,0,0,0,0,0,0,0,0,0,0,0,0,0,0,0,0,0,0,0,0,0,0,0,0,1,0,0,0,0,0,0,0,0,0,0,0,0,0,0,0,1,-1,-1,-1,-1,-1,-1,-1,-1,-1,-1,-1,-1,-1,-1,-1,-1,-1,-1,-1,-1,-1,-1,-1,-1,-1,-1,-1,-1,-1,-1,-1,-1,-1,-1,-1,-1,-1,-1,-1,-1,-1,-1,-1,-1,-1,-1,-1,-1,-1,-1,-1,-1,-1,-1,-1,-1,-1,-1,-1,-1,-1,-1,-1,-1,-1,-1,-1,-1,-1,-1,-1,-1,-1,-1,-1,-1,-1,-1,-1,-1
